[[1.0,0.0019440795,3.5910992E-4,0.010286178,0.020803947,6.6178833E-4,2.205961E-4,2.1461093E-4,4.4925386E-4,7.084482E-5,0.003933353,5.455051E-4,0.10879773,0.0020833262,0.0041892496,0.0067788716,5.271832E-4,8.6235246E-5,1.3191793E-4,3.751111E-4,6.363819E-4,8.58688E-4,0.001166863,8.8067434E-4,1.3191793E-4,5.271832E-4,2.205961E-4,6.543374E-4,7.084482E-5,8.6235246E-5,0.0010283492,1.19214725E-4,2.2499336E-4,0.0043813856,7.867439E-4,1.424225E-4,4.448566E-4,0.0,9.1976115E-5,3.4836106E-4,0.0025394203,1.6050016E-4,8.015236E-4,1.3191793E-4,5.909435E-4,0.0014975129,1.424225E-4,2.1571026E-4,2.1461093E-4,3.40788E-5,3.40788E-5,3.9587595E-4,2.1571026E-4,8.6235246E-5,0.0014578153,1.574465E-4,0.0014133541,5.271832E-4,2.3183356E-4,2.205961E-4,0.0059334976,4.2922187E-4,2.7922628E-4,2.205961E-4,0.0014216601,0.002691981,0.0020568206,2.205961E-4,2.1461093E-4,0.0013983301,2.205961E-4,1.3863598E-4,1.3582662E-4,0.0014872525,4.779582E-4,8.0457726E-4,1.6050016E-4,0.0010543664,1.4022388E-4,7.992028E-4,7.992028E-4,7.992028E-4,1.4046817E-5,1.7796707E-4,0.0019633786,7.992028E-4,0.0057343994,7.992028E-4,7.992028E-4,0.012633707,2.6371374E-4,0.0017845565,7.992028E-4,7.992028E-4,2.4246029E-4,7.992028E-4,4.2067163E-4,0.0010905216],[0.0019440795,1.6367596E-5,1.3436086E-6,4.86142E-5,6.522609E-5,1.4657548E-6,4.8858493E-7,2.5650709E-6,2.8093634E-6,2.4429247E-7,6.229458E-6,4.030826E-6,3.4616244E-4,8.305944E-6,8.916675E-6,1.4901841E-5,2.5650709E-6,7.328774E-7,9.771699E-7,5.1301417E-6,4.030826E-6,4.763703E-6,3.4200946E-6,8.794529E-6,9.771699E-7,2.5650709E-6,4.8858493E-7,6.107312E-6,2.4429247E-7,7.328774E-7,5.2522882E-6,2.4429247E-7,2.6872171E-6,1.8932667E-5,2.6872171E-6,2.4429247E-7,1.7100473E-6,0.0,2.4429247E-7,1.3436086E-6,1.46575485E-5,2.5650709E-6,3.053656E-6,9.771699E-7,1.9543397E-6,5.0079957E-6,2.4429247E-7,9.771699E-7,2.5650709E-6,3.664387E-7,3.664387E-7,1.2214624E-6,9.771699E-7,7.328774E-7,5.9851654E-6,8.5502364E-7,6.718043E-6,2.5650709E-6,6.107312E-7,4.8858493E-7,2.0398422E-5,5.1301417E-6,9.771699E-7,4.8858493E-7,3.053656E-6,5.8630194E-6,7.695213E-6,4.8858493E-7,2.5650709E-6,6.3516045E-6,4.8858493E-7,3.664387E-7,3.664387E-7,6.718043E-6,3.5422408E-6,4.763703E-6,2.5650709E-6,5.1301417E-6,2.4429247E-7,9.771699E-7,9.771699E-7,9.771699E-7,3.664387E-7,9.771699E-7,8.305944E-6,9.771699E-7,2.7482904E-5,9.771699E-7,9.771699E-7,5.7530877E-5,2.5650709E-6,4.763703E-6,9.771699E-7,9.771699E-7,3.664387E-7,9.771699E-7,1.0993161E-6,0.0],[3.5910992E-4,1.3436086E-6,1.9543397E-6,8.183798E-6,1.881052E-5,2.1986323E-6,7.328774E-7,4.8858493E-7,0.0,0.0,1.5879011E-6,8.5502364E-7,8.183798E-5,1.4657548E-6,5.496581E-6,5.9851654E-6,6.107312E-7,0.0,1.2214623E-7,1.0993161E-6,9.771699E-7,9.771699E-7,2.1986323E-6,1.0993161E-6,1.2214623E-7,6.107312E-7,7.328774E-7,1.8321936E-6,0.0,0.0,7.328774E-7,1.2214623E-7,4.8858493E-7,1.4657548E-6,3.664387E-7,2.4429247E-7,1.2214623E-7,0.0,1.2214623E-7,1.2214623E-7,3.4200946E-6,6.107312E-7,1.3436086E-6,1.2214623E-7,6.107312E-7,8.5502364E-7,2.4429247E-7,7.328774E-7,4.8858493E-7,1.2214623E-7,1.2214623E-7,6.107312E-7,7.328774E-7,0.0,1.8321936E-6,8.5502364E-7,9.771699E-7,6.107312E-7,1.2214623E-7,7.328774E-7,9.40526E-6,9.771699E-7,7.328774E-7,7.328774E-7,7.328774E-7,1.5879011E-6,4.5194106E-6,7.328774E-7,4.8858493E-7,1.5879011E-6,7.328774E-7,1.2214623E-7,3.664387E-7,9.771699E-7,0.0,1.0993161E-6,6.107312E-7,1.2214624E-6,1.2214623E-7,2.4429247E-7,2.4429247E-7,2.4429247E-7,0.0,0.0,1.2214624E-6,2.4429247E-7,1.3436086E-6,2.4429247E-7,2.4429247E-7,4.5194106E-6,0.0,2.5650709E-6,2.4429247E-7,2.4429247E-7,0.0,2.4429247E-7,0.0,0.0],[0.010286178,4.86142E-5,8.183798E-6,2.5504135E-4,3.9636454E-4,1.13596E-5,3.7865334E-6,5.496581E-6,1.4901841E-5,1.8321936E-6,3.4567383E-5,7.939505E-6,0.0018661502,3.2246608E-5,5.3744345E-5,1.479191E-4,1.233677E-5,2.6872171E-6,3.4200946E-6,8.061652E-6,1.3191793E-5,2.015413E-5,2.6139294E-5,1.5390426E-5,3.4200946E-6,1.233677E-5,3.7865334E-6,1.5756865E-5,1.8321936E-6,2.6872171E-6,2.6750025E-5,3.1758022E-6,5.740873E-6,9.6373384E-5,1.4901841E-5,3.9086794E-6,8.672383E-6,0.0,2.076486E-6,7.4509203E-6,7.8662175E-5,2.5650709E-6,1.8688374E-5,3.4200946E-6,1.0871015E-5,1.8932667E-5,3.9086794E-6,5.0079957E-6,5.496581E-6,6.107312E-7,6.107312E-7,1.0138137E-5,5.0079957E-6,2.6872171E-6,3.383451E-5,4.030826E-6,3.212446E-5,1.233677E-5,4.2751185E-6,3.7865334E-6,1.2031404E-4,1.0993162E-5,6.9623356E-6,3.7865334E-6,1.5268279E-5,2.919295E-5,4.5682693E-5,3.7865334E-6,5.496581E-6,2.6505733E-5,3.7865334E-6,2.5650709E-6,2.5650709E-6,2.6872172E-5,1.8321936E-5,1.722262E-5,2.5650709E-6,2.467354E-5,2.5650709E-6,5.740873E-6,5.740873E-6,5.740873E-6,3.664387E-7,3.1758022E-6,4.836991E-5,5.740873E-6,1.463312E-4,5.740873E-6,5.740873E-6,2.9705965E-4,1.3802524E-5,3.175802E-5,5.740873E-6,5.740873E-6,1.3436086E-6,5.740873E-6,3.7865334E-6,1.4657548E-6],[0.020803947,6.522609E-5,1.881052E-5,3.9636454E-4,0.001594497,3.114729E-5,1.038243E-5,1.6978327E-5,7.0844817E-6,1.3924671E-5,6.437107E-5,1.4901841E-5,0.0059385058,5.6065124E-5,1.2434486E-4,3.5251403E-4,1.978769E-5,1.685618E-5,2.0887006E-5,2.3574223E-5,3.4323093E-5,4.3850498E-5,5.6920147E-5,3.505597E-5,2.0887006E-5,1.978769E-5,1.038243E-5,3.8476064E-5,1.3924671E-5,1.685618E-5,3.7010308E-5,1.9543399E-5,1.7466911E-5,1.2434486E-4,3.310163E-5,2.2108468E-5,7.4509203E-6,0.0,1.5023987E-5,6.229458E-6,8.171583E-5,6.5958966E-6,4.250689E-5,2.0887006E-5,4.091899E-5,3.40788E-5,2.2108468E-5,1.02602835E-5,1.6978327E-5,1.7100473E-6,1.7100473E-6,2.7116464E-5,1.02602835E-5,1.685618E-5,7.084482E-5,1.5634718E-5,4.5316254E-5,1.978769E-5,3.3223776E-5,1.038243E-5,2.8753225E-4,3.3956654E-5,1.1848185E-5,1.038243E-5,3.2246608E-5,7.560852E-5,1.2055833E-4,1.038243E-5,1.6978327E-5,5.6309415E-5,1.038243E-5,1.8688374E-5,1.881052E-5,1.217798E-4,2.565071E-5,3.346807E-5,6.5958966E-6,3.957538E-5,1.7466911E-5,9.527406E-6,9.527406E-6,9.527406E-6,7.328774E-7,3.053656E-6,8.403661E-5,9.527406E-6,1.2446701E-4,9.527406E-6,9.527406E-6,2.971818E-4,4.030826E-6,7.573067E-5,9.527406E-6,9.527406E-6,1.5879011E-6,9.527406E-6,4.030826E-6,5.496581E-6],[6.6178833E-4,1.4657548E-6,2.1986323E-6,1.13596E-5,3.114729E-5,0.0,0.0,3.664387E-7,0.0,0.0,4.030826E-6,7.328774E-7,1.6233235E-4,3.2979483E-6,6.5958966E-6,1.1726039E-5,1.0993161E-6,0.0,3.664387E-7,7.328774E-7,1.0993161E-6,1.4657548E-6,5.1301417E-6,7.328774E-7,3.664387E-7,1.0993161E-6,0.0,2.9315097E-6,0.0,0.0,1.0993161E-6,3.664387E-7,3.664387E-7,2.1986323E-6,7.328774E-7,3.664387E-7,0.0,0.0,0.0,0.0,4.763703E-6,3.664387E-7,2.1986323E-6,3.664387E-7,7.328774E-7,2.9315097E-6,3.664387E-7,1.8321936E-6,3.664387E-7,0.0,0.0,1.0993161E-6,1.8321936E-6,0.0,4.030826E-6,1.0993161E-6,1.4657548E-6,1.0993161E-6,0.0,0.0,1.7589058E-5,7.328774E-7,7.328774E-7,0.0,2.9315097E-6,3.6643871E-6,7.3287742E-6,0.0,3.664387E-7,2.1986323E-6,0.0,0.0,7.328774E-7,1.0993161E-6,0.0,1.4657548E-6,3.664387E-7,2.1986323E-6,0.0,0.0,0.0,0.0,0.0,0.0,7.328774E-7,0.0,3.6643871E-6,0.0,0.0,2.5650709E-6,0.0,1.4657548E-6,0.0,0.0,0.0,0.0,0.0,0.0],[2.205961E-4,4.8858493E-7,7.328774E-7,3.7865334E-6,1.038243E-5,0.0,0.0,1.2214623E-7,0.0,0.0,1.3436086E-6,2.4429247E-7,5.4110784E-5,1.0993161E-6,2.1986323E-6,3.9086794E-6,3.664387E-7,0.0,1.2214623E-7,2.4429247E-7,3.664387E-7,4.8858493E-7,1.7100473E-6,2.4429247E-7,1.2214623E-7,3.664387E-7,0.0,9.771699E-7,0.0,0.0,3.664387E-7,1.2214623E-7,1.2214623E-7,7.328774E-7,2.4429247E-7,1.2214623E-7,0.0,0.0,0.0,0.0,1.5879011E-6,1.2214623E-7,7.328774E-7,1.2214623E-7,2.4429247E-7,9.771699E-7,1.2214623E-7,6.107312E-7,1.2214623E-7,0.0,0.0,3.664387E-7,6.107312E-7,0.0,1.3436086E-6,3.664387E-7,4.8858493E-7,3.664387E-7,0.0,0.0,5.8630194E-6,2.4429247E-7,2.4429247E-7,0.0,9.771699E-7,1.2214624E-6,2.4429248E-6,0.0,1.2214623E-7,7.328774E-7,0.0,0.0,2.4429247E-7,3.664387E-7,0.0,4.8858493E-7,1.2214623E-7,7.328774E-7,0.0,0.0,0.0,0.0,0.0,0.0,2.4429247E-7,0.0,1.2214624E-6,0.0,0.0,8.5502364E-7,0.0,4.8858493E-7,0.0,0.0,0.0,0.0,0.0,0.0],[2.1461093E-4,2.5650709E-6,4.8858493E-7,5.496581E-6,1.6978327E-5,3.664387E-7,1.2214623E-7,0.0,2.4429247E-7,1.2214623E-7,6.107312E-7,1.3436086E-6,7.621925E-5,1.2214624E-6,8.5502364E-7,3.4200946E-6,2.4429247E-7,4.8858493E-7,6.107312E-7,9.771699E-7,1.3436086E-6,3.664387E-7,1.2214624E-6,1.7100473E-6,6.107312E-7,2.4429247E-7,1.2214623E-7,1.3436086E-6,1.2214623E-7,4.8858493E-7,3.664387E-7,1.2214623E-7,1.2214623E-7,1.0993161E-6,4.8858493E-7,1.2214623E-7,0.0,0.0,1.2214623E-7,0.0,1.0993161E-6,9.771699E-7,7.328774E-7,6.107312E-7,6.107312E-7,3.664387E-7,1.2214623E-7,3.664387E-7,0.0,3.664387E-7,3.664387E-7,7.328774E-7,3.664387E-7,4.8858493E-7,1.0993161E-6,3.664387E-7,7.328774E-7,2.4429247E-7,2.4429247E-7,1.2214623E-7,4.641557E-6,0.0,1.2214623E-7,1.2214623E-7,1.2214623E-7,8.5502364E-7,1.7100473E-6,1.2214623E-7,0.0,8.5502364E-7,1.2214623E-7,1.2214623E-7,1.2214623E-7,2.076486E-6,2.4429247E-7,1.3436086E-6,9.771699E-7,4.8858493E-7,1.2214623E-7,1.2214623E-7,1.2214623E-7,1.2214623E-7,3.664387E-7,0.0,7.328774E-7,1.2214623E-7,6.107312E-7,1.2214623E-7,1.2214623E-7,2.4429248E-6,0.0,1.4657548E-6,1.2214623E-7,1.2214623E-7,0.0,1.2214623E-7,0.0,0.0],[4.4925386E-4,2.8093634E-6,0.0,1.4901841E-5,7.0844817E-6,0.0,0.0,2.4429247E-7,0.0,0.0,1.4657548E-6,4.8858493E-7,5.154571E-5,2.1986323E-6,1.4657548E-6,1.9543397E-6,7.328774E-7,0.0,0.0,4.8858493E-7,3.664387E-7,4.8858493E-7,1.2214623E-7,9.771699E-7,0.0,7.328774E-7,0.0,4.8858493E-7,0.0,0.0,1.9543397E-6,0.0,2.4429247E-7,7.817359E-6,3.664387E-7,0.0,8.5502364E-7,0.0,0.0,7.328774E-7,5.8630194E-6,2.4429247E-7,2.4429247E-7,0.0,2.4429247E-7,1.2214624E-6,0.0,0.0,2.4429247E-7,0.0,0.0,0.0,0.0,0.0,9.771699E-7,0.0,2.1986323E-6,7.328774E-7,0.0,0.0,1.9543397E-6,4.8858493E-7,2.4429247E-7,0.0,7.328774E-7,9.771699E-7,9.771699E-7,0.0,2.4429247E-7,6.107312E-7,0.0,0.0,0.0,6.107312E-7,1.5879011E-6,4.8858493E-7,2.4429247E-7,1.4657548E-6,0.0,2.4429247E-7,2.4429247E-7,2.4429247E-7,0.0,2.4429247E-7,3.1758022E-6,2.4429247E-7,1.233677E-5,2.4429247E-7,2.4429247E-7,2.3452078E-5,1.4657548E-6,3.664387E-7,2.4429247E-7,2.4429247E-7,1.2214623E-7,2.4429247E-7,3.664387E-7,0.0],[7.084482E-5,2.4429247E-7,0.0,1.8321936E-6,1.3924671E-5,0.0,0.0,1.2214623E-7,0.0,0.0,1.2214623E-7,0.0,4.6293422E-5,2.4429247E-7,2.4429247E-7,1.5879011E-6,1.2214623E-7,2.4429247E-7,2.4429247E-7,1.2214623E-7,1.2214623E-7,2.4429247E-7,1.2214623E-7,1.2214623E-7,2.4429247E-7,1.2214623E-7,0.0,1.2214623E-7,2.4429247E-7,2.4429247E-7,2.4429247E-7,2.4429247E-7,1.2214623E-7,6.107312E-7,1.2214623E-7,2.4429247E-7,0.0,0.0,2.4429247E-7,0.0,2.4429247E-7,0.0,2.4429247E-7,2.4429247E-7,4.8858493E-7,1.2214623E-7,2.4429247E-7,0.0,1.2214623E-7,0.0,0.0,1.2214623E-7,0.0,2.4429247E-7,4.8858493E-7,1.2214623E-7,2.4429247E-7,1.2214623E-7,2.4429247E-7,0.0,1.5879011E-6,2.4429247E-7,0.0,0.0,1.2214623E-7,2.4429247E-7,6.107312E-7,0.0,1.2214623E-7,2.4429247E-7,0.0,1.2214623E-7,1.2214623E-7,9.771699E-7,2.4429247E-7,1.2214623E-7,0.0,2.4429247E-7,1.2214623E-7,0.0,0.0,0.0,0.0,0.0,4.8858493E-7,0.0,3.664387E-7,0.0,0.0,9.771699E-7,0.0,2.4429247E-7,0.0,0.0,0.0,0.0,0.0,0.0],[0.003933353,6.229458E-6,1.5879011E-6,3.4567383E-5,6.437107E-5,4.030826E-6,1.3436086E-6,6.107312E-7,1.4657548E-6,1.2214623E-7,1.0015991E-5,2.9315097E-6,3.9379948E-4,7.695213E-6,1.7344766E-5,2.0398422E-5,2.8093634E-6,1.2214623E-7,2.4429247E-7,1.3436086E-6,2.1986323E-6,2.5650709E-6,4.3972645E-6,3.5422408E-6,2.4429247E-7,2.8093634E-6,1.3436086E-6,2.076486E-6,1.2214623E-7,1.2214623E-7,4.763703E-6,2.4429247E-7,6.107312E-7,1.3802524E-5,2.6872171E-6,3.664387E-7,1.5879011E-6,0.0,2.4429247E-7,1.4657548E-6,8.794529E-6,7.328774E-7,2.3207785E-6,2.4429247E-7,2.6872171E-6,5.2522882E-6,3.664387E-7,7.328774E-7,6.107312E-7,2.4429247E-7,2.4429247E-7,7.328774E-7,7.328774E-7,1.2214623E-7,5.618727E-6,3.664387E-7,6.9623356E-6,2.8093634E-6,4.8858493E-7,1.3436086E-6,1.8077642E-5,1.2214624E-6,1.3436086E-6,1.3436086E-6,5.0079957E-6,1.2703209E-5,7.817359E-6,1.3436086E-6,6.107312E-7,5.8630194E-6,1.3436086E-6,2.4429247E-7,2.4429247E-7,5.9851654E-6,2.1986323E-6,2.6872171E-6,7.328774E-7,5.618727E-6,3.664387E-7,1.4657548E-6,1.4657548E-6,1.4657548E-6,1.2214623E-7,7.328774E-7,7.0844817E-6,1.4657548E-6,2.1009153E-5,1.4657548E-6,1.4657548E-6,4.8492057E-5,1.0993161E-6,8.42809E-6,1.4657548E-6,1.4657548E-6,1.3436086E-6,1.4657548E-6,1.9543397E-6,3.6643871E-6],[5.455051E-4,4.030826E-6,8.5502364E-7,7.939505E-6,1.4901841E-5,7.328774E-7,2.4429247E-7,1.3436086E-6,4.8858493E-7,0.0,2.9315097E-6,2.4429247E-7,8.6845976E-5,1.2214624E-6,2.9315097E-6,4.030826E-6,4.8858493E-7,1.2214623E-7,2.4429247E-7,1.4657548E-6,4.8858493E-7,1.8321936E-6,1.3436086E-6,2.9315097E-6,2.4429247E-7,4.8858493E-7,2.4429247E-7,2.076486E-6,0.0,1.2214623E-7,7.328774E-7,0.0,1.3436086E-6,3.9086794E-6,9.771699E-7,1.2214623E-7,3.664387E-7,0.0,1.2214623E-7,2.4429247E-7,2.076486E-6,1.2214623E-7,7.328774E-7,2.4429247E-7,3.664387E-7,1.2214624E-6,1.2214623E-7,6.107312E-7,1.3436086E-6,1.2214623E-7,1.2214623E-7,1.2214623E-7,6.107312E-7,1.2214623E-7,1.5879011E-6,2.4429247E-7,8.5502364E-7,4.8858493E-7,1.2214623E-7,2.4429247E-7,5.3744343E-6,2.6872171E-6,2.4429247E-7,2.4429247E-7,8.5502364E-7,1.5879011E-6,2.1986323E-6,2.4429247E-7,1.3436086E-6,2.3207785E-6,2.4429247E-7,1.2214623E-7,1.2214623E-7,1.8321936E-6,3.664387E-7,6.107312E-7,1.2214623E-7,9.771699E-7,0.0,6.107312E-7,6.107312E-7,6.107312E-7,0.0,2.4429247E-7,9.771699E-7,6.107312E-7,3.4200946E-6,6.107312E-7,6.107312E-7,8.550237E-6,0.0,1.9543397E-6,6.107312E-7,6.107312E-7,1.2214623E-7,6.107312E-7,3.664387E-7,0.0],[0.10879773,3.4616244E-4,8.183798E-5,0.0018661502,0.0059385058,1.6233235E-4,5.4110784E-5,7.621925E-5,5.154571E-5,4.6293422E-5,3.9379948E-4,8.6845976E-5,0.02511522,3.021898E-4,6.718043E-4,0.0014115219,9.5640506E-5,5.9485217E-5,7.548637E-5,1.1933687E-4,1.510949E-4,1.9421251E-4,2.8166923E-4,1.9054813E-4,7.548637E-5,9.5640506E-5,5.4110784E-5,1.8908238E-4,4.678201E-5,5.9485217E-5,1.783335E-4,6.5103945E-5,7.707428E-5,6.0718897E-4,1.3936886E-4,7.8417885E-5,4.4949815E-5,0.0,5.313361E-5,3.8476064E-5,4.187173E-4,4.3117623E-5,1.8040999E-4,7.548637E-5,1.6208805E-4,1.9091456E-4,7.8417885E-5,5.3377906E-5,7.621925E-5,7.695213E-6,7.695213E-6,1.04679326E-4,5.3377906E-5,5.9485217E-5,3.137937E-4,6.241673E-5,2.2206186E-4,9.5640506E-5,1.0309142E-4,5.4110784E-5,0.001251266,1.524385E-4,6.4859654E-5,5.4110784E-5,1.7637917E-4,4.3593993E-4,5.104491E-4,5.4110784E-5,7.621925E-5,2.946167E-4,5.4110784E-5,5.7897316E-5,6.0950973E-5,4.8076757E-4,1.18726144E-4,1.6111089E-4,4.3117623E-5,1.9128101E-4,5.7286587E-5,6.241673E-5,6.241673E-5,6.241673E-5,2.6872171E-6,2.2230615E-5,3.6546154E-4,6.241673E-5,7.29213E-4,6.241673E-5,6.241673E-5,0.0016151397,3.444524E-5,3.4958252E-4,6.241673E-5,6.241673E-5,1.05045765E-5,6.241673E-5,2.3940662E-5,3.9208942E-5],[0.0020833262,8.305944E-6,1.4657548E-6,3.2246608E-5,5.6065124E-5,3.2979483E-6,1.0993161E-6,1.2214624E-6,2.1986323E-6,2.4429247E-7,7.695213E-6,1.2214624E-6,3.021898E-4,2.1986323E-6,8.305944E-6,1.4901841E-5,2.076486E-6,3.664387E-7,6.107312E-7,1.4657548E-6,1.2214624E-6,2.8093634E-6,4.152972E-6,3.5422408E-6,6.107312E-7,2.076486E-6,1.0993161E-6,2.5650709E-6,2.4429247E-7,3.664387E-7,2.9315097E-6,3.664387E-7,1.2214624E-6,1.6489741E-5,1.7100473E-6,4.8858493E-7,2.076486E-6,0.0,3.664387E-7,1.8321936E-6,1.0871015E-5,2.4429247E-7,2.4429248E-6,6.107312E-7,1.7100473E-6,1.5879011E-6,4.8858493E-7,1.0993161E-6,1.2214624E-6,1.2214623E-7,1.2214623E-7,7.328774E-7,1.0993161E-6,3.664387E-7,5.0079957E-6,8.5502364E-7,3.9086794E-6,2.076486E-6,9.771699E-7,1.0993161E-6,1.5756865E-5,2.4429248E-6,1.8321936E-6,1.0993161E-6,1.0993161E-6,6.4737505E-6,7.817359E-6,1.0993161E-6,1.2214624E-6,5.0079957E-6,1.0993161E-6,6.107312E-7,6.107312E-7,6.229458E-6,2.9315097E-6,1.8321936E-6,2.4429247E-7,4.152972E-6,4.8858493E-7,1.9543397E-6,1.9543397E-6,1.9543397E-6,0.0,7.328774E-7,3.6643871E-6,1.9543397E-6,1.9665544E-5,1.9543397E-6,1.9543397E-6,3.994182E-5,1.5879011E-6,4.641557E-6,1.9543397E-6,1.9543397E-6,3.664387E-7,1.9543397E-6,8.5502364E-7,1.4657548E-6],[0.0041892496,8.916675E-6,5.496581E-6,5.3744345E-5,1.2434486E-4,6.5958966E-6,2.1986323E-6,8.5502364E-7,1.4657548E-6,2.4429247E-7,1.7344766E-5,2.9315097E-6,6.718043E-4,8.305944E-6,2.5406418E-5,4.5560548E-5,3.7865334E-6,2.4429247E-7,1.0993161E-6,1.9543397E-6,3.9086794E-6,5.496581E-6,1.46575485E-5,3.9086794E-6,1.0993161E-6,3.7865334E-6,2.1986323E-6,7.2066277E-6,2.4429247E-7,2.4429247E-7,5.496581E-6,1.0993161E-6,8.5502364E-7,1.7955497E-5,3.5422408E-6,1.3436086E-6,1.7100473E-6,0.0,4.8858493E-7,1.4657548E-6,1.7589058E-5,1.0993161E-6,7.2066277E-6,1.0993161E-6,3.4200946E-6,5.9851654E-6,1.3436086E-6,4.641557E-6,8.5502364E-7,2.4429247E-7,2.4429247E-7,3.4200946E-6,4.641557E-6,2.4429247E-7,1.331394E-5,2.5650709E-6,7.3287742E-6,3.7865334E-6,9.771699E-7,2.1986323E-6,5.0690687E-5,1.7100473E-6,3.4200946E-6,2.1986323E-6,5.496581E-6,1.6489741E-5,2.27192E-5,2.1986323E-6,8.5502364E-7,1.05045765E-5,2.1986323E-6,4.8858493E-7,1.7100473E-6,9.160968E-6,1.9543397E-6,5.740873E-6,1.0993161E-6,7.573067E-6,7.328774E-7,2.9315097E-6,2.9315097E-6,2.9315097E-6,0.0,7.328774E-7,7.3287742E-6,2.9315097E-6,2.2963492E-5,2.9315097E-6,2.9315097E-6,4.3361913E-5,7.328774E-7,9.893845E-6,2.9315097E-6,2.9315097E-6,4.8858493E-7,2.9315097E-6,9.771699E-7,2.9315097E-6],[0.0067788716,1.4901841E-5,5.9851654E-6,1.479191E-4,3.5251403E-4,1.1726039E-5,3.9086794E-6,3.4200946E-6,1.9543397E-6,1.5879011E-6,2.0398422E-5,4.030826E-6,0.0014115219,1.4901841E-5,4.5560548E-5,1.6440883E-4,3.7865334E-6,1.5879011E-6,1.5879011E-6,3.6643871E-6,1.3069647E-5,2.0031983E-5,2.369637E-5,8.061652E-6,1.5879011E-6,3.7865334E-6,3.9086794E-6,9.649552E-6,1.5879011E-6,1.5879011E-6,7.817359E-6,2.5650709E-6,3.5422408E-6,3.6888163E-5,1.6245449E-5,2.5650709E-6,2.4429248E-6,0.0,1.5879011E-6,2.1986323E-6,2.9070805E-5,2.4429247E-7,1.8688374E-5,1.5879011E-6,7.939505E-6,1.06267225E-5,2.5650709E-6,2.076486E-6,3.4200946E-6,0.0,0.0,1.3191793E-5,2.076486E-6,1.5879011E-6,2.4062809E-5,2.076486E-6,1.1603893E-5,3.7865334E-6,4.152972E-6,3.9086794E-6,1.09809465E-4,6.840189E-6,3.9086794E-6,3.9086794E-6,1.06267225E-5,2.0031983E-5,3.1635875E-5,3.9086794E-6,3.4200946E-6,2.3940662E-5,3.9086794E-6,2.5650709E-6,1.5879011E-6,1.7100474E-5,2.4429248E-6,1.685618E-5,2.4429247E-7,7.573067E-6,2.6872171E-6,3.1758022E-6,3.1758022E-6,3.1758022E-6,0.0,1.4657548E-6,3.1025145E-5,3.1758022E-6,3.6521724E-5,3.1758022E-6,3.1758022E-6,1.0296928E-4,4.8858493E-7,3.3223776E-5,3.1758022E-6,3.1758022E-6,2.4429247E-7,3.1758022E-6,7.328774E-7,0.0],[5.271832E-4,2.5650709E-6,6.107312E-7,1.233677E-5,1.978769E-5,1.0993161E-6,3.664387E-7,2.4429247E-7,7.328774E-7,1.2214623E-7,2.8093634E-6,4.8858493E-7,9.5640506E-5,2.076486E-6,3.7865334E-6,3.7865334E-6,0.0,1.2214623E-7,2.4429247E-7,4.8858493E-7,4.8858493E-7,6.107312E-7,1.3436086E-6,8.5502364E-7,2.4429247E-7,0.0,3.664387E-7,9.771699E-7,1.2214623E-7,1.2214623E-7,8.5502364E-7,1.2214623E-7,2.4429247E-7,3.9086794E-6,3.664387E-7,1.2214623E-7,2.4429247E-7,0.0,1.2214623E-7,2.4429247E-7,4.030826E-6,2.4429247E-7,8.5502364E-7,2.4429247E-7,4.8858493E-7,9.771699E-7,1.2214623E-7,4.8858493E-7,2.4429247E-7,0.0,0.0,1.2214623E-7,4.8858493E-7,1.2214623E-7,9.771699E-7,4.8858493E-7,1.0993161E-6,0.0,2.4429247E-7,3.664387E-7,6.5958966E-6,4.8858493E-7,6.107312E-7,3.664387E-7,9.771699E-7,1.5879011E-6,2.6872171E-6,3.664387E-7,2.4429247E-7,9.771699E-7,3.664387E-7,1.2214623E-7,3.664387E-7,1.3436086E-6,1.0993161E-6,6.107312E-7,2.4429247E-7,0.0,1.2214623E-7,6.107312E-7,6.107312E-7,6.107312E-7,0.0,3.664387E-7,2.6872171E-6,6.107312E-7,7.0844817E-6,6.107312E-7,6.107312E-7,1.9299105E-5,8.5502364E-7,1.3436086E-6,6.107312E-7,6.107312E-7,0.0,6.107312E-7,0.0,0.0],[8.6235246E-5,7.328774E-7,0.0,2.6872171E-6,1.685618E-5,0.0,0.0,4.8858493E-7,0.0,2.4429247E-7,1.2214623E-7,1.2214623E-7,5.9485217E-5,3.664387E-7,2.4429247E-7,1.5879011E-6,1.2214623E-7,0.0,6.107312E-7,6.107312E-7,2.4429247E-7,6.107312E-7,1.2214623E-7,6.107312E-7,6.107312E-7,1.2214623E-7,0.0,6.107312E-7,2.4429247E-7,0.0,2.4429247E-7,2.4429247E-7,4.8858493E-7,6.107312E-7,1.2214623E-7,4.8858493E-7,0.0,0.0,2.4429247E-7,0.0,2.4429247E-7,1.2214623E-7,2.4429247E-7,6.107312E-7,7.328774E-7,1.2214623E-7,4.8858493E-7,0.0,4.8858493E-7,0.0,0.0,1.2214623E-7,0.0,0.0,4.8858493E-7,1.2214623E-7,2.4429247E-7,1.2214623E-7,2.4429247E-7,0.0,1.5879011E-6,9.771699E-7,0.0,0.0,1.2214623E-7,3.664387E-7,6.107312E-7,0.0,4.8858493E-7,6.107312E-7,0.0,1.2214623E-7,1.2214623E-7,1.0993161E-6,2.4429247E-7,2.4429247E-7,1.2214623E-7,2.4429247E-7,1.2214623E-7,0.0,0.0,0.0,0.0,0.0,4.8858493E-7,0.0,3.664387E-7,0.0,0.0,9.771699E-7,0.0,2.4429247E-7,0.0,0.0,0.0,0.0,0.0,0.0],[1.3191793E-4,9.771699E-7,1.2214623E-7,3.4200946E-6,2.0887006E-5,3.664387E-7,1.2214623E-7,6.107312E-7,0.0,2.4429247E-7,2.4429247E-7,2.4429247E-7,7.548637E-5,6.107312E-7,1.0993161E-6,1.5879011E-6,2.4429247E-7,6.107312E-7,0.0,8.5502364E-7,3.664387E-7,7.328774E-7,4.8858493E-7,8.5502364E-7,0.0,2.4429247E-7,1.2214623E-7,9.771699E-7,2.4429247E-7,6.107312E-7,3.664387E-7,3.664387E-7,6.107312E-7,6.107312E-7,1.2214623E-7,6.107312E-7,0.0,0.0,2.4429247E-7,0.0,4.8858493E-7,2.4429247E-7,3.664387E-7,0.0,4.8858493E-7,2.4429247E-7,6.107312E-7,1.2214623E-7,6.107312E-7,0.0,0.0,1.2214623E-7,1.2214623E-7,6.107312E-7,7.328774E-7,2.4429247E-7,3.664387E-7,2.4429247E-7,4.8858493E-7,1.2214623E-7,2.6872171E-6,1.2214624E-6,1.2214623E-7,1.2214623E-7,2.4429247E-7,6.107312E-7,1.3436086E-6,1.2214623E-7,6.107312E-7,8.5502364E-7,1.2214623E-7,2.4429247E-7,2.4429247E-7,1.7100473E-6,3.664387E-7,3.664387E-7,2.4429247E-7,4.8858493E-7,2.4429247E-7,0.0,0.0,0.0,0.0,0.0,4.8858493E-7,0.0,4.8858493E-7,0.0,0.0,1.0993161E-6,0.0,3.664387E-7,0.0,0.0,0.0,0.0,0.0,0.0],[3.751111E-4,5.1301417E-6,1.0993161E-6,8.061652E-6,2.3574223E-5,7.328774E-7,2.4429247E-7,9.771699E-7,4.8858493E-7,1.2214623E-7,1.3436086E-6,1.4657548E-6,1.1933687E-4,1.4657548E-6,1.9543397E-6,3.6643871E-6,4.8858493E-7,6.107312E-7,8.5502364E-7,1.9543397E-6,1.4657548E-6,1.3436086E-6,2.1986323E-6,3.5422408E-6,8.5502364E-7,4.8858493E-7,2.4429247E-7,2.6872171E-6,1.2214623E-7,6.107312E-7,6.107312E-7,1.2214623E-7,1.0993161E-6,1.5879011E-6,7.328774E-7,1.2214623E-7,0.0,0.0,1.2214623E-7,0.0,1.9543397E-6,9.771699E-7,9.771699E-7,8.5502364E-7,7.328774E-7,8.5502364E-7,1.2214623E-7,7.328774E-7,9.771699E-7,3.664387E-7,3.664387E-7,7.328774E-7,7.328774E-7,6.107312E-7,1.7100473E-6,6.107312E-7,1.0993161E-6,4.8858493E-7,3.664387E-7,2.4429247E-7,6.718043E-6,1.9543397E-6,2.4429247E-7,2.4429247E-7,3.664387E-7,1.5879011E-6,2.8093634E-6,2.4429247E-7,9.771699E-7,2.1986323E-6,2.4429247E-7,2.4429247E-7,2.4429247E-7,3.5422408E-6,6.107312E-7,1.3436086E-6,9.771699E-7,9.771699E-7,1.2214623E-7,2.4429247E-7,2.4429247E-7,2.4429247E-7,3.664387E-7,1.2214623E-7,7.328774E-7,2.4429247E-7,1.0993161E-6,2.4429247E-7,2.4429247E-7,4.030826E-6,0.0,2.3207785E-6,2.4429247E-7,2.4429247E-7,0.0,2.4429247E-7,0.0,0.0],[6.363819E-4,4.030826E-6,9.771699E-7,1.3191793E-5,3.4323093E-5,1.0993161E-6,3.664387E-7,1.3436086E-6,3.664387E-7,1.2214623E-7,2.1986323E-6,4.8858493E-7,1.510949E-4,1.2214624E-6,3.9086794E-6,1.3069647E-5,4.8858493E-7,2.4429247E-7,3.664387E-7,1.4657548E-6,2.4429247E-7,2.9315097E-6,2.4429248E-6,2.8093634E-6,3.664387E-7,4.8858493E-7,3.664387E-7,2.1986323E-6,1.2214623E-7,2.4429247E-7,7.328774E-7,1.2214623E-7,1.3436086E-6,1.9543397E-6,6.107312E-7,1.2214623E-7,1.2214623E-7,0.0,1.2214623E-7,1.2214623E-7,2.5650709E-6,1.2214623E-7,1.9543397E-6,3.664387E-7,6.107312E-7,1.0993161E-6,1.2214623E-7,4.8858493E-7,1.3436086E-6,0.0,0.0,1.2214624E-6,4.8858493E-7,2.4429247E-7,2.6872171E-6,3.664387E-7,1.0993161E-6,4.8858493E-7,4.8858493E-7,3.664387E-7,1.1603893E-5,2.6872171E-6,3.664387E-7,3.664387E-7,8.5502364E-7,1.9543397E-6,3.6643871E-6,3.664387E-7,1.3436086E-6,3.5422408E-6,3.664387E-7,3.664387E-7,2.4429247E-7,3.2979483E-6,6.107312E-7,1.7100473E-6,1.2214623E-7,9.771699E-7,2.4429247E-7,3.664387E-7,3.664387E-7,3.664387E-7,0.0,2.4429247E-7,2.1986323E-6,3.664387E-7,2.8093634E-6,3.664387E-7,3.664387E-7,8.305944E-6,0.0,3.7865334E-6,3.664387E-7,3.664387E-7,0.0,3.664387E-7,0.0,0.0],[8.58688E-4,4.763703E-6,9.771699E-7,2.015413E-5,4.3850498E-5,1.4657548E-6,4.8858493E-7,3.664387E-7,4.8858493E-7,2.4429247E-7,2.5650709E-6,1.8321936E-6,1.9421251E-4,2.8093634E-6,5.496581E-6,2.0031983E-5,6.107312E-7,6.107312E-7,7.328774E-7,1.3436086E-6,2.9315097E-6,7.328774E-7,3.2979483E-6,2.6872171E-6,7.328774E-7,6.107312E-7,4.8858493E-7,2.1986323E-6,2.4429247E-7,6.107312E-7,1.0993161E-6,3.664387E-7,4.8858493E-7,5.9851654E-6,2.4429248E-6,3.664387E-7,3.664387E-7,0.0,2.4429247E-7,2.4429247E-7,3.4200946E-6,9.771699E-7,8.5502364E-7,7.328774E-7,1.4657548E-6,1.5879011E-6,3.664387E-7,4.8858493E-7,3.664387E-7,3.664387E-7,3.664387E-7,2.1986323E-6,4.8858493E-7,6.107312E-7,1.7100473E-6,4.8858493E-7,1.9543397E-6,6.107312E-7,6.107312E-7,4.8858493E-7,6.840189E-6,7.328774E-7,4.8858493E-7,4.8858493E-7,1.3436086E-6,2.9315097E-6,2.9315097E-6,4.8858493E-7,3.664387E-7,1.5879011E-6,4.8858493E-7,3.664387E-7,2.4429247E-7,3.9086794E-6,3.664387E-7,1.3436086E-6,9.771699E-7,1.2214624E-6,3.664387E-7,3.664387E-7,3.664387E-7,3.664387E-7,3.664387E-7,1.2214623E-7,3.9086794E-6,3.664387E-7,5.0079957E-6,3.664387E-7,3.664387E-7,1.3558232E-5,0.0,5.496581E-6,3.664387E-7,3.664387E-7,1.2214623E-7,3.664387E-7,3.664387E-7,0.0],[0.001166863,3.4200946E-6,2.1986323E-6,2.6139294E-5,5.6920147E-5,5.1301417E-6,1.7100473E-6,1.2214624E-6,1.2214623E-7,1.2214623E-7,4.3972645E-6,1.3436086E-6,2.8166923E-4,4.152972E-6,1.46575485E-5,2.369637E-5,1.3436086E-6,1.2214623E-7,4.8858493E-7,2.1986323E-6,2.4429248E-6,3.2979483E-6,3.1758022E-6,2.4429248E-6,4.8858493E-7,1.3436086E-6,1.7100473E-6,3.5422408E-6,1.2214623E-7,1.2214623E-7,1.8321936E-6,6.107312E-7,1.2214624E-6,4.2751185E-6,1.5879011E-6,7.328774E-7,3.664387E-7,0.0,2.4429247E-7,3.664387E-7,7.695213E-6,9.771699E-7,3.1758022E-6,4.8858493E-7,1.3436086E-6,2.8093634E-6,7.328774E-7,1.3436086E-6,1.2214624E-6,1.2214623E-7,1.2214623E-7,1.9543397E-6,1.3436086E-6,1.2214623E-7,4.8858496E-6,1.0993161E-6,2.1986323E-6,1.3436086E-6,3.664387E-7,1.7100473E-6,2.1864176E-5,2.4429248E-6,1.7100473E-6,1.7100473E-6,2.6872171E-6,5.8630194E-6,9.771699E-6,1.7100473E-6,1.2214624E-6,4.030826E-6,1.7100473E-6,2.4429247E-7,7.328774E-7,2.6872171E-6,1.2214623E-7,3.053656E-6,9.771699E-7,2.6872171E-6,2.4429247E-7,4.8858493E-7,4.8858493E-7,4.8858493E-7,0.0,1.2214623E-7,4.8858496E-6,4.8858493E-7,5.3744343E-6,4.8858493E-7,4.8858493E-7,1.4901841E-5,0.0,5.3744343E-6,4.8858493E-7,4.8858493E-7,0.0,4.8858493E-7,0.0,0.0],[8.8067434E-4,8.794529E-6,1.0993161E-6,1.5390426E-5,3.505597E-5,7.328774E-7,2.4429247E-7,1.7100473E-6,9.771699E-7,1.2214623E-7,3.5422408E-6,2.9315097E-6,1.9054813E-4,3.5422408E-6,3.9086794E-6,8.061652E-6,8.5502364E-7,6.107312E-7,8.5502364E-7,3.5422408E-6,2.8093634E-6,2.6872171E-6,2.4429248E-6,5.8630194E-6,8.5502364E-7,8.5502364E-7,2.4429247E-7,4.2751185E-6,1.2214623E-7,6.107312E-7,1.2214624E-6,1.2214623E-7,1.8321936E-6,4.8858496E-6,1.4657548E-6,1.2214623E-7,3.664387E-7,0.0,1.2214623E-7,2.4429247E-7,3.1758022E-6,1.8321936E-6,1.5879011E-6,8.5502364E-7,1.3436086E-6,2.076486E-6,1.2214623E-7,7.328774E-7,1.7100473E-6,3.664387E-7,3.664387E-7,7.328774E-7,7.328774E-7,6.107312E-7,2.6872171E-6,6.107312E-7,2.3207785E-6,8.5502364E-7,4.8858493E-7,2.4429247E-7,1.0748869E-5,3.4200946E-6,2.4429247E-7,2.4429247E-7,1.3436086E-6,3.053656E-6,3.7865334E-6,2.4429247E-7,1.7100473E-6,3.7865334E-6,2.4429247E-7,3.664387E-7,2.4429247E-7,6.107312E-6,9.771699E-7,2.8093634E-6,1.8321936E-6,1.7100473E-6,1.2214623E-7,6.107312E-7,6.107312E-7,6.107312E-7,3.664387E-7,4.8858493E-7,1.7100473E-6,6.107312E-7,4.641557E-6,6.107312E-7,6.107312E-7,1.13596E-5,0.0,3.2979483E-6,6.107312E-7,6.107312E-7,1.2214623E-7,6.107312E-7,3.664387E-7,0.0],[1.3191793E-4,9.771699E-7,1.2214623E-7,3.4200946E-6,2.0887006E-5,3.664387E-7,1.2214623E-7,6.107312E-7,0.0,2.4429247E-7,2.4429247E-7,2.4429247E-7,7.548637E-5,6.107312E-7,1.0993161E-6,1.5879011E-6,2.4429247E-7,6.107312E-7,0.0,8.5502364E-7,3.664387E-7,7.328774E-7,4.8858493E-7,8.5502364E-7,0.0,2.4429247E-7,1.2214623E-7,9.771699E-7,2.4429247E-7,6.107312E-7,3.664387E-7,3.664387E-7,6.107312E-7,6.107312E-7,1.2214623E-7,6.107312E-7,0.0,0.0,2.4429247E-7,0.0,4.8858493E-7,2.4429247E-7,3.664387E-7,0.0,4.8858493E-7,2.4429247E-7,6.107312E-7,1.2214623E-7,6.107312E-7,0.0,0.0,1.2214623E-7,1.2214623E-7,6.107312E-7,7.328774E-7,2.4429247E-7,3.664387E-7,2.4429247E-7,4.8858493E-7,1.2214623E-7,2.6872171E-6,1.2214624E-6,1.2214623E-7,1.2214623E-7,2.4429247E-7,6.107312E-7,1.3436086E-6,1.2214623E-7,6.107312E-7,8.5502364E-7,1.2214623E-7,2.4429247E-7,2.4429247E-7,1.7100473E-6,3.664387E-7,3.664387E-7,2.4429247E-7,4.8858493E-7,2.4429247E-7,0.0,0.0,0.0,0.0,0.0,4.8858493E-7,0.0,4.8858493E-7,0.0,0.0,1.0993161E-6,0.0,3.664387E-7,0.0,0.0,0.0,0.0,0.0,0.0],[5.271832E-4,2.5650709E-6,6.107312E-7,1.233677E-5,1.978769E-5,1.0993161E-6,3.664387E-7,2.4429247E-7,7.328774E-7,1.2214623E-7,2.8093634E-6,4.8858493E-7,9.5640506E-5,2.076486E-6,3.7865334E-6,3.7865334E-6,0.0,1.2214623E-7,2.4429247E-7,4.8858493E-7,4.8858493E-7,6.107312E-7,1.3436086E-6,8.5502364E-7,2.4429247E-7,0.0,3.664387E-7,9.771699E-7,1.2214623E-7,1.2214623E-7,8.5502364E-7,1.2214623E-7,2.4429247E-7,3.9086794E-6,3.664387E-7,1.2214623E-7,2.4429247E-7,0.0,1.2214623E-7,2.4429247E-7,4.030826E-6,2.4429247E-7,8.5502364E-7,2.4429247E-7,4.8858493E-7,9.771699E-7,1.2214623E-7,4.8858493E-7,2.4429247E-7,0.0,0.0,1.2214623E-7,4.8858493E-7,1.2214623E-7,9.771699E-7,4.8858493E-7,1.0993161E-6,0.0,2.4429247E-7,3.664387E-7,6.5958966E-6,4.8858493E-7,6.107312E-7,3.664387E-7,9.771699E-7,1.5879011E-6,2.6872171E-6,3.664387E-7,2.4429247E-7,9.771699E-7,3.664387E-7,1.2214623E-7,3.664387E-7,1.3436086E-6,1.0993161E-6,6.107312E-7,2.4429247E-7,0.0,1.2214623E-7,6.107312E-7,6.107312E-7,6.107312E-7,0.0,3.664387E-7,2.6872171E-6,6.107312E-7,7.0844817E-6,6.107312E-7,6.107312E-7,1.9299105E-5,8.5502364E-7,1.3436086E-6,6.107312E-7,6.107312E-7,0.0,6.107312E-7,0.0,0.0],[2.205961E-4,4.8858493E-7,7.328774E-7,3.7865334E-6,1.038243E-5,0.0,0.0,1.2214623E-7,0.0,0.0,1.3436086E-6,2.4429247E-7,5.4110784E-5,1.0993161E-6,2.1986323E-6,3.9086794E-6,3.664387E-7,0.0,1.2214623E-7,2.4429247E-7,3.664387E-7,4.8858493E-7,1.7100473E-6,2.4429247E-7,1.2214623E-7,3.664387E-7,0.0,9.771699E-7,0.0,0.0,3.664387E-7,1.2214623E-7,1.2214623E-7,7.328774E-7,2.4429247E-7,1.2214623E-7,0.0,0.0,0.0,0.0,1.5879011E-6,1.2214623E-7,7.328774E-7,1.2214623E-7,2.4429247E-7,9.771699E-7,1.2214623E-7,6.107312E-7,1.2214623E-7,0.0,0.0,3.664387E-7,6.107312E-7,0.0,1.3436086E-6,3.664387E-7,4.8858493E-7,3.664387E-7,0.0,0.0,5.8630194E-6,2.4429247E-7,2.4429247E-7,0.0,9.771699E-7,1.2214624E-6,2.4429248E-6,0.0,1.2214623E-7,7.328774E-7,0.0,0.0,2.4429247E-7,3.664387E-7,0.0,4.8858493E-7,1.2214623E-7,7.328774E-7,0.0,0.0,0.0,0.0,0.0,0.0,2.4429247E-7,0.0,1.2214624E-6,0.0,0.0,8.5502364E-7,0.0,4.8858493E-7,0.0,0.0,0.0,0.0,0.0,0.0],[6.543374E-4,6.107312E-6,1.8321936E-6,1.5756865E-5,3.8476064E-5,2.9315097E-6,9.771699E-7,1.3436086E-6,4.8858493E-7,1.2214623E-7,2.076486E-6,2.076486E-6,1.8908238E-4,2.5650709E-6,7.2066277E-6,9.649552E-6,9.771699E-7,6.107312E-7,9.771699E-7,2.6872171E-6,2.1986323E-6,2.1986323E-6,3.5422408E-6,4.2751185E-6,9.771699E-7,9.771699E-7,9.771699E-7,3.4200946E-6,1.2214623E-7,6.107312E-7,1.2214624E-6,2.4429247E-7,1.4657548E-6,2.8093634E-6,1.0993161E-6,3.664387E-7,1.2214623E-7,0.0,2.4429247E-7,1.2214623E-7,4.641557E-6,1.3436086E-6,2.3207785E-6,9.771699E-7,1.3436086E-6,1.5879011E-6,3.664387E-7,7.328774E-7,1.3436086E-6,4.8858493E-7,4.8858493E-7,1.3436086E-6,7.328774E-7,6.107312E-7,2.6872171E-6,1.4657548E-6,1.9543397E-6,9.771699E-7,4.8858493E-7,9.771699E-7,1.5268279E-5,2.6872171E-6,9.771699E-7,9.771699E-7,9.771699E-7,2.9315097E-6,6.4737505E-6,9.771699E-7,1.3436086E-6,3.5422408E-6,9.771699E-7,3.664387E-7,6.107312E-7,4.2751185E-6,6.107312E-7,2.1986323E-6,1.3436086E-6,1.9543397E-6,2.4429247E-7,2.4429247E-7,2.4429247E-7,2.4429247E-7,3.664387E-7,1.2214623E-7,1.9543397E-6,2.4429247E-7,2.3207785E-6,2.4429247E-7,2.4429247E-7,7.695213E-6,0.0,4.2751185E-6,2.4429247E-7,2.4429247E-7,0.0,2.4429247E-7,0.0,0.0],[7.084482E-5,2.4429247E-7,0.0,1.8321936E-6,1.3924671E-5,0.0,0.0,1.2214623E-7,0.0,2.4429247E-7,1.2214623E-7,0.0,4.678201E-5,2.4429247E-7,2.4429247E-7,1.5879011E-6,1.2214623E-7,2.4429247E-7,2.4429247E-7,1.2214623E-7,1.2214623E-7,2.4429247E-7,1.2214623E-7,1.2214623E-7,2.4429247E-7,1.2214623E-7,0.0,1.2214623E-7,0.0,2.4429247E-7,2.4429247E-7,2.4429247E-7,1.2214623E-7,6.107312E-7,1.2214623E-7,2.4429247E-7,0.0,0.0,2.4429247E-7,0.0,2.4429247E-7,0.0,2.4429247E-7,2.4429247E-7,4.8858493E-7,1.2214623E-7,2.4429247E-7,0.0,1.2214623E-7,0.0,0.0,1.2214623E-7,0.0,2.4429247E-7,4.8858493E-7,1.2214623E-7,2.4429247E-7,1.2214623E-7,2.4429247E-7,0.0,1.5879011E-6,2.4429247E-7,0.0,0.0,1.2214623E-7,2.4429247E-7,6.107312E-7,0.0,1.2214623E-7,2.4429247E-7,0.0,1.2214623E-7,1.2214623E-7,9.771699E-7,2.4429247E-7,1.2214623E-7,0.0,2.4429247E-7,1.2214623E-7,0.0,0.0,0.0,0.0,0.0,4.8858493E-7,0.0,3.664387E-7,0.0,0.0,9.771699E-7,0.0,2.4429247E-7,0.0,0.0,0.0,0.0,0.0,0.0],[8.6235246E-5,7.328774E-7,0.0,2.6872171E-6,1.685618E-5,0.0,0.0,4.8858493E-7,0.0,2.4429247E-7,1.2214623E-7,1.2214623E-7,5.9485217E-5,3.664387E-7,2.4429247E-7,1.5879011E-6,1.2214623E-7,0.0,6.107312E-7,6.107312E-7,2.4429247E-7,6.107312E-7,1.2214623E-7,6.107312E-7,6.107312E-7,1.2214623E-7,0.0,6.107312E-7,2.4429247E-7,0.0,2.4429247E-7,2.4429247E-7,4.8858493E-7,6.107312E-7,1.2214623E-7,4.8858493E-7,0.0,0.0,2.4429247E-7,0.0,2.4429247E-7,1.2214623E-7,2.4429247E-7,6.107312E-7,7.328774E-7,1.2214623E-7,4.8858493E-7,0.0,4.8858493E-7,0.0,0.0,1.2214623E-7,0.0,0.0,4.8858493E-7,1.2214623E-7,2.4429247E-7,1.2214623E-7,2.4429247E-7,0.0,1.5879011E-6,9.771699E-7,0.0,0.0,1.2214623E-7,3.664387E-7,6.107312E-7,0.0,4.8858493E-7,6.107312E-7,0.0,1.2214623E-7,1.2214623E-7,1.0993161E-6,2.4429247E-7,2.4429247E-7,1.2214623E-7,2.4429247E-7,1.2214623E-7,0.0,0.0,0.0,0.0,0.0,4.8858493E-7,0.0,3.664387E-7,0.0,0.0,9.771699E-7,0.0,2.4429247E-7,0.0,0.0,0.0,0.0,0.0,0.0],[0.0010283492,5.2522882E-6,7.328774E-7,2.6750025E-5,3.7010308E-5,1.0993161E-6,3.664387E-7,3.664387E-7,1.9543397E-6,2.4429247E-7,4.763703E-6,7.328774E-7,1.783335E-4,2.9315097E-6,5.496581E-6,7.817359E-6,8.5502364E-7,2.4429247E-7,3.664387E-7,6.107312E-7,7.328774E-7,1.0993161E-6,1.8321936E-6,1.2214624E-6,3.664387E-7,8.5502364E-7,3.664387E-7,1.2214624E-6,2.4429247E-7,2.4429247E-7,1.7100473E-6,2.4429247E-7,3.664387E-7,1.2947501E-5,8.5502364E-7,2.4429247E-7,1.4657548E-6,0.0,2.4429247E-7,1.3436086E-6,9.40526E-6,2.4429247E-7,1.4657548E-6,3.664387E-7,9.771699E-7,1.8321936E-6,2.4429247E-7,6.107312E-7,3.664387E-7,0.0,0.0,2.4429247E-7,6.107312E-7,2.4429247E-7,2.4429248E-6,7.328774E-7,2.1986323E-6,8.5502364E-7,6.107312E-7,3.664387E-7,1.0993162E-5,7.328774E-7,1.3436086E-6,3.664387E-7,1.8321936E-6,2.8093634E-6,4.641557E-6,3.664387E-7,3.664387E-7,1.5879011E-6,3.664387E-7,3.664387E-7,6.107312E-7,2.8093634E-6,2.6872171E-6,9.771699E-7,2.4429247E-7,1.7100473E-6,2.4429247E-7,9.771699E-7,9.771699E-7,9.771699E-7,0.0,6.107312E-7,3.6643871E-6,9.771699E-7,1.8321936E-5,9.771699E-7,9.771699E-7,3.8842503E-5,2.076486E-6,1.9543397E-6,9.771699E-7,9.771699E-7,1.2214623E-7,9.771699E-7,3.664387E-7,0.0],[1.19214725E-4,2.4429247E-7,1.2214623E-7,3.1758022E-6,1.9543399E-5,3.664387E-7,1.2214623E-7,1.2214623E-7,0.0,2.4429247E-7,2.4429247E-7,0.0,6.5103945E-5,3.664387E-7,1.0993161E-6,2.5650709E-6,1.2214623E-7,2.4429247E-7,3.664387E-7,1.2214623E-7,1.2214623E-7,3.664387E-7,6.107312E-7,1.2214623E-7,3.664387E-7,1.2214623E-7,1.2214623E-7,2.4429247E-7,2.4429247E-7,2.4429247E-7,2.4429247E-7,0.0,1.2214623E-7,6.107312E-7,1.2214623E-7,4.8858493E-7,0.0,0.0,2.4429247E-7,0.0,3.664387E-7,0.0,3.664387E-7,3.664387E-7,6.107312E-7,2.4429247E-7,4.8858493E-7,0.0,1.2214623E-7,0.0,0.0,2.4429247E-7,0.0,2.4429247E-7,6.107312E-7,1.2214623E-7,2.4429247E-7,1.2214623E-7,4.8858493E-7,1.2214623E-7,2.4429248E-6,2.4429247E-7,1.2214623E-7,1.2214623E-7,2.4429247E-7,4.8858493E-7,1.0993161E-6,1.2214623E-7,1.2214623E-7,3.664387E-7,1.2214623E-7,2.4429247E-7,2.4429247E-7,1.4657548E-6,3.664387E-7,2.4429247E-7,0.0,2.4429247E-7,2.4429247E-7,0.0,0.0,0.0,0.0,0.0,7.328774E-7,0.0,4.8858493E-7,0.0,0.0,1.4657548E-6,0.0,4.8858493E-7,0.0,0.0,0.0,0.0,0.0,0.0],[2.2499336E-4,2.6872171E-6,4.8858493E-7,5.740873E-6,1.7466911E-5,3.664387E-7,1.2214623E-7,1.2214623E-7,2.4429247E-7,1.2214623E-7,6.107312E-7,1.3436086E-6,7.707428E-5,1.2214624E-6,8.5502364E-7,3.5422408E-6,2.4429247E-7,4.8858493E-7,6.107312E-7,1.0993161E-6,1.3436086E-6,4.8858493E-7,1.2214624E-6,1.8321936E-6,6.107312E-7,2.4429247E-7,1.2214623E-7,1.4657548E-6,1.2214623E-7,4.8858493E-7,3.664387E-7,1.2214623E-7,2.4429247E-7,1.0993161E-6,4.8858493E-7,1.2214623E-7,0.0,0.0,1.2214623E-7,0.0,1.0993161E-6,9.771699E-7,7.328774E-7,6.107312E-7,6.107312E-7,3.664387E-7,1.2214623E-7,3.664387E-7,1.2214623E-7,3.664387E-7,3.664387E-7,8.5502364E-7,3.664387E-7,4.8858493E-7,1.0993161E-6,3.664387E-7,7.328774E-7,2.4429247E-7,2.4429247E-7,1.2214623E-7,4.641557E-6,2.4429247E-7,1.2214623E-7,1.2214623E-7,1.2214623E-7,8.5502364E-7,1.7100473E-6,1.2214623E-7,1.2214623E-7,9.771699E-7,1.2214623E-7,1.2214623E-7,1.2214623E-7,2.076486E-6,2.4429247E-7,1.3436086E-6,9.771699E-7,4.8858493E-7,1.2214623E-7,1.2214623E-7,1.2214623E-7,1.2214623E-7,3.664387E-7,0.0,7.328774E-7,1.2214623E-7,6.107312E-7,1.2214623E-7,1.2214623E-7,2.4429248E-6,0.0,1.4657548E-6,1.2214623E-7,1.2214623E-7,0.0,1.2214623E-7,0.0,0.0],[0.0043813856,1.8932667E-5,1.4657548E-6,9.6373384E-5,1.2434486E-4,2.1986323E-6,7.328774E-7,1.0993161E-6,7.817359E-6,6.107312E-7,1.3802524E-5,3.9086794E-6,6.0718897E-4,1.6489741E-5,1.7955497E-5,3.6888163E-5,3.9086794E-6,6.107312E-7,6.107312E-7,1.5879011E-6,1.9543397E-6,5.9851654E-6,4.2751185E-6,4.8858496E-6,6.107312E-7,3.9086794E-6,7.328774E-7,2.8093634E-6,6.107312E-7,6.107312E-7,1.2947501E-5,6.107312E-7,1.0993161E-6,9.307543E-5,4.3972645E-6,7.328774E-7,8.061652E-6,0.0,8.5502364E-7,6.718043E-6,4.1285428E-5,4.8858493E-7,6.107312E-6,6.107312E-7,5.1301417E-6,7.0844817E-6,7.328774E-7,9.771699E-7,1.0993161E-6,1.2214623E-7,1.2214623E-7,1.7100473E-6,9.771699E-7,6.107312E-7,1.038243E-5,1.2214624E-6,1.6367596E-5,3.9086794E-6,1.3436086E-6,7.328774E-7,4.018611E-5,2.1986323E-6,6.107312E-6,7.328774E-7,6.9623356E-6,9.649552E-6,1.2947501E-5,7.328774E-7,1.0993161E-6,7.0844817E-6,7.328774E-7,8.5502364E-7,7.328774E-7,1.0138137E-5,7.2066277E-6,5.3744343E-6,4.8858493E-7,7.817359E-6,6.107312E-7,2.1986323E-6,2.1986323E-6,2.1986323E-6,0.0,1.2214624E-6,2.3452078E-5,2.1986323E-6,8.000578E-5,2.1986323E-6,2.1986323E-6,1.3826953E-4,4.3972645E-6,6.9623356E-6,2.1986323E-6,2.1986323E-6,1.9543397E-6,2.1986323E-6,5.8630194E-6,0.0],[7.867439E-4,2.6872171E-6,3.664387E-7,1.4901841E-5,3.310163E-5,7.328774E-7,2.4429247E-7,4.8858493E-7,3.664387E-7,1.2214623E-7,2.6872171E-6,9.771699E-7,1.3936886E-4,1.7100473E-6,3.5422408E-6,1.6245449E-5,3.664387E-7,1.2214623E-7,1.2214623E-7,7.328774E-7,6.107312E-7,2.4429248E-6,1.5879011E-6,1.4657548E-6,1.2214623E-7,3.664387E-7,2.4429247E-7,1.0993161E-6,1.2214623E-7,1.2214623E-7,8.5502364E-7,1.2214623E-7,4.8858493E-7,4.3972645E-6,7.328774E-7,1.2214623E-7,4.8858493E-7,0.0,1.2214623E-7,3.664387E-7,2.6872171E-6,2.4429247E-7,2.076486E-6,1.2214623E-7,9.771699E-7,9.771699E-7,1.2214623E-7,1.2214623E-7,4.8858493E-7,0.0,0.0,1.2214624E-6,1.2214623E-7,1.2214623E-7,2.5650709E-6,1.2214623E-7,1.5879011E-6,3.664387E-7,3.664387E-7,2.4429247E-7,1.1726039E-5,9.771699E-7,2.4429247E-7,2.4429247E-7,9.771699E-7,1.8321936E-6,3.053656E-6,2.4429247E-7,4.8858493E-7,2.8093634E-6,2.4429247E-7,2.4429247E-7,1.2214623E-7,2.5650709E-6,3.664387E-7,2.1986323E-6,2.4429247E-7,7.328774E-7,2.4429247E-7,4.8858493E-7,4.8858493E-7,4.8858493E-7,0.0,2.4429247E-7,3.1758022E-6,4.8858493E-7,5.0079957E-6,4.8858493E-7,4.8858493E-7,1.2458916E-5,0.0,3.5422408E-6,4.8858493E-7,4.8858493E-7,1.2214623E-7,4.8858493E-7,3.664387E-7,0.0],[1.424225E-4,2.4429247E-7,2.4429247E-7,3.9086794E-6,2.2108468E-5,3.664387E-7,1.2214623E-7,1.2214623E-7,0.0,2.4429247E-7,3.664387E-7,1.2214623E-7,7.8417885E-5,4.8858493E-7,1.3436086E-6,2.5650709E-6,1.2214623E-7,4.8858493E-7,6.107312E-7,1.2214623E-7,1.2214623E-7,3.664387E-7,7.328774E-7,1.2214623E-7,6.107312E-7,1.2214623E-7,1.2214623E-7,3.664387E-7,2.4429247E-7,4.8858493E-7,2.4429247E-7,4.8858493E-7,1.2214623E-7,7.328774E-7,1.2214623E-7,0.0,0.0,0.0,3.664387E-7,0.0,4.8858493E-7,0.0,3.664387E-7,6.107312E-7,1.0993161E-6,4.8858493E-7,0.0,1.2214623E-7,1.2214623E-7,1.2214623E-7,1.2214623E-7,3.664387E-7,1.2214623E-7,4.8858493E-7,7.328774E-7,1.2214623E-7,3.664387E-7,1.2214623E-7,4.8858493E-7,1.2214623E-7,2.6872171E-6,2.4429247E-7,1.2